0
0
0
0
0
0
0
0
0
0
0
0
0
0
0
0
0
0
0
0
0
0
0
0
0
0
0
0
0
0
0
0
0
0
0
0
0
0
0
0
0
0
-2.21198e-06
-9.83386e-05
-0.000376476
-0.000807516
-0.00138103
-0.00206045
-0.00281686
-0.00361884
-0.00443982
-0.00525583
-0.00604666
-0.00679514
-0.00748706
-0.00811065
-0.00865629
-0.00911621
-0.00948417
-0.00975529
-0.00992589
-0.00999343
-0.00995643
-0.00981458
-0.00956876
-0.00922121
-0.00877572
-0.00823785
-0.00761522
-0.00691774
-0.00615801
-0.00535151
-0.00451703
-0.00367654
-0.00285586
-0.00208316
-0.00139111
-0.0008093
-0.00037422
-9.5569e-05
-7.81074e-07
0
0
-0.000111248
-0.000404284
-0.00099725
-0.00183575
-0.00290486
-0.0041488
-0.00552153
-0.00697177
-0.00845451
-0.00992826
-0.0113573
-0.0127108
-0.0139628
-0.0150919
-0.0160801
-0.016913
-0.0175791
-0.0180693
-0.0183767
-0.0184969
-0.0184272
-0.0181673
-0.017719
-0.0170868
-0.0162779
-0.0153029
-0.0141758
-0.0129151
-0.0115436
-0.0100893
-0.00858568
-0.00707125
-0.00559044
-0.00419089
-0.00292583
-0.0018424
-0.000996301
-0.000401366
-0.000109493
0
0
-0.00024016
-0.000745325
-0.00165736
-0.00288196
-0.00439919
-0.00613704
-0.00803751
-0.0100352
-0.0120718
-0.014093
-0.0160514
-0.0179056
-0.0196207
-0.0211671
-0.0225204
-0.0236607
-0.0245721
-0.0252421
-0.0256614
-0.0258238
-0.0257258
-0.0253671
-0.0247506
-0.0238824
-0.0227728
-0.0214364
-0.0198927
-0.0181667
-0.0162897
-0.0142993
-0.0122401
-0.0101632
-0.00812666
-0.00619191
-0.00442695
-0.0028912
-0.00165663
-0.000741837
-0.000237976
0
0
-0.000366908
-0.00107953
-0.00229993
-0.00388661
-0.00581317
-0.00799137
-0.0103538
-0.0128239
-0.0153338
-0.0178193
-0.0202244
-0.0224996
-0.0246028
-0.0264984
-0.0281567
-0.0295535
-0.0306693
-0.031489
-0.0320012
-0.0321983
-0.0320763
-0.0316349
-0.0308776
-0.0298122
-0.0284513
-0.0268127
-0.0249202
-0.0228043
-0.0205024
-0.0180598
-0.0155297
-0.0129725
-0.0104567
-0.00805394
-0.00584389
-0.00389569
-0.00229756
-0.00107441
-0.000363859
0
0
-0.000479135
-0.00138108
-0.00288883
-0.00481223
-0.00711669
-0.00969668
-0.0124756
-0.015367
-0.0182947
-0.021187
-0.0239807
-0.0266202
-0.029058
-0.0312535
-0.0331733
-0.0347895
-0.0360802
-0.0370279
-0.0376198
-0.0378471
-0.0377054
-0.0371942
-0.0363176
-0.0350845
-0.0335092
-0.0316119
-0.0294199
-0.0269675
-0.0242973
-0.0214605
-0.0185169
-0.0155347
-0.0125905
-0.009765
-0.00714833
-0.00481918
-0.00288316
-0.00137319
-0.0004747
0
0
-0.000577251
-0.00165019
-0.00342323
-0.00566003
-0.00831681
-0.01127
-0.0144334
-0.0177108
-0.0210185
-0.024278
-0.0274204
-0.030385
-0.0331199
-0.0355809
-0.0377314
-0.0395412
-0.0409861
-0.0420471
-0.0427101
-0.0429656
-0.0428083
-0.0422379
-0.0412586
-0.03988
-0.0381175
-0.0359932
-0.0335366
-0.0307852
-0.0277855
-0.0245935
-0.0212747
-0.0179036
-0.0145647
-0.0113468
-0.00835073
-0.00566514
-0.00341394
-0.00163908
-0.000571147
0
0
-0.000663483
-0.00189166
-0.00391107
-0.00644276
-0.00943336
-0.0127408
-0.0162687
-0.0199105
-0.0235752
-0.0271778
-0.030644
-0.0339091
-0.0369173
-0.0396217
-0.0419834
-0.0439701
-0.0455563
-0.0467217
-0.0474513
-0.0477348
-0.0475665
-0.0469456
-0.0458763
-0.0443684
-0.042438
-0.0401081
-0.03741
-0.0343835
-0.0310784
-0.0275544
-0.0238823
-0.0201427
-0.0164276
-0.0128345
-0.00947508
-0.00644922
-0.00389966
-0.00187775
-0.000655759
0
0
-0.000741861
-0.00211465
-0.00436774
-0.00718271
-0.0104966
-0.0141484
-0.018031
-0.022027
-0.0260376
-0.0299712
-0.0337486
-0.0373009
-0.0405695
-0.0435052
-0.0460671
-0.0482219
-0.0499426
-0.0512084
-0.0520034
-0.0523167
-0.052142
-0.051478
-0.0503285
-0.048703
-0.0466178
-0.0440962
-0.0411706
-0.0378825
-0.0342841
-0.030439
-0.0264226
-0.0223219
-0.0182367
-0.0142735
-0.0105564
-0.00719713
-0.00435783
-0.00209949
-0.000732961
0
0
-0.000816261
-0.00232865
-0.00481016
-0.00790488
-0.0115401
-0.0155359
-0.0197732
-0.0241232
-0.0284788
-0.0327415
-0.0368273
-0.0406632
-0.0441881
-0.0473508
-0.0501091
-0.0524289
-0.0542825
-0.0556484
-0.0565104
-0.0568569
-0.056681
-0.0559805
-0.0547586
-0.053024
-0.0507925
-0.0480873
-0.0449411
-0.0413964
-0.0375078
-0.0333421
-0.0289796
-0.0245138
-0.0200529
-0.0157138
-0.0116338
-0.00793764
-0.00480777
-0.00231493
-0.000807054
0
0
-0.000890457
-0.00254318
-0.00525583
-0.00863536
-0.0125992
-0.0169474
-0.0215485
-0.0262615
-0.03097
-0.0355686
-0.0399677
-0.0440911
-0.0478749
-0.0512664
-0.0542228
-0.0567091
-0.0586977
-0.0601668
-0.0610997
-0.0614843
-0.0613129
-0.0605824
-0.0592948
-0.0574576
-0.0550853
-0.0522004
-0.0488353
-0.0450331
-0.04085
-0.036356
-0.0316364
-0.0267916
-0.0219393
-0.0172076
-0.0127484
-0.00870112
-0.00526962
-0.00253491
-0.000882267
0
0
-0.00096787
-0.00276719
-0.00572166
-0.00939974
-0.0137084
-0.0184266
-0.0234093
-0.0285022
-0.0335793
-0.0385272
-0.0432514
-0.0476716
-0.051722
-0.0553488
-0.0585085
-0.0611664
-0.063295
-0.0648724
-0.0658818
-0.0663108
-0.0661506
-0.065397
-0.0640501
-0.0621158
-0.0596068
-0.0565439
-0.0529584
-0.0488934
-0.0444062
-0.0395697
-0.0344745
-0.0292282
-0.0239589
-0.0188074
-0.0139419
-0.00951811
-0.00576334
-0.00276987
-0.000962534
0
0
-0.00105167
-0.00300915
-0.00622391
-0.0102228
-0.0149014
-0.0200157
-0.0254058
-0.0309027
-0.0363703
-0.0416868
-0.0467522
-0.0514828
-0.0558109
-0.059682
-0.0630529
-0.0658894
-0.0681645
-0.0698569
-0.07095
-0.0714308
-0.0712896
-0.0705205
-0.0691216
-0.0670963
-0.0644544
-0.0612145
-0.0574057
-0.0530703
-0.048266
-0.0430683
-0.0375727
-0.0318949
-0.0261743
-0.0205658
-0.0152561
-0.0104192
-0.00630881
-0.00303002
-0.00105164
0
0
-0.00114485
-0.00327711
-0.00677818
-0.0111285
-0.0162106
-0.021755
-0.0275853
-0.0335168
-0.0394018
-0.0451101
-0.050536
-0.0555927
-0.0602111
-0.0643369
-0.0679275
-0.0709501
-0.073379
-0.0751939
-0.0763785
-0.0769195
-0.0768063
-0.0760309
-0.0745889
-0.0724801
-0.0697109
-0.0662962
-0.062262
-0.0576483
-0.0525125
-0.0469319
-0.0410071
-0.0348617
-0.0286476
-0.0225355
-0.016733
-0.0114351
-0.00692593
-0.00332554
-0.0011533
0
0
-0.00125028
-0.00357893
-0.00739964
-0.0121399
-0.0176671
-0.0236828
-0.0299925
-0.0363937
-0.0427266
-0.048852
-0.054659
-0.0600578
-0.0649789
-0.0693688
-0.0731869
-0.0764023
-0.0789916
-0.080936
-0.0822201
-0.0828306
-0.0827557
-0.0819853
-0.0805113
-0.0783297
-0.0754419
-0.0718578
-0.0675987
-0.062701
-0.0572205
-0.0512351
-0.0448496
-0.0381962
-0.0314399
-0.0247691
-0.0184151
-0.0125973
-0.00763515
-0.00366689
-0.00127135
0
0
-0.00137088
-0.00392238
-0.00810326
-0.0132797
-0.0193009
-0.0258355
-0.0326684
-0.0395777
-0.0463906
-0.0529587
-0.0591661
-0.064921
-0.0701546
-0.0748153
-0.0788655
-0.0822779
-0.0850319
-0.0871115
-0.0885026
-0.0891922
-0.0891674
-0.0884154
-0.0869243
-0.0846848
-0.081692
-0.0779491
-0.0734711
-0.0682887
-0.0624539
-0.056044
-0.0491669
-0.0419629
-0.0346112
-0.0273193
-0.0203458
-0.0139383
-0.00845778
-0.00406508
-0.00140981
0
0
-0.0015096
-0.00431539
-0.00890401
-0.0145698
-0.0211404
-0.0282467
-0.0356498
-0.0431067
-0.0504308
-0.0574647
-0.0640879
-0.0702083
-0.0757587
-0.0806913
-0.0849733
-0.0885821
-0.0915015
-0.093719
-0.0952229
-0.096001
-0.0960393
-0.0953221
-0.0938329
-0.0915559
-0.0884786
-0.0845955
-0.0799126
-0.0744527
-0.0682616
-0.0614134
-0.0540176
-0.0462215
-0.0382189
-0.0302383
-0.022569
-0.0154915
-0.00941634
-0.0045319
-0.0015731
0
0
-0.00166957
-0.00476611
-0.00981691
-0.0160319
-0.0232128
-0.0309464
-0.0389677
-0.0470101
-0.0548727
-0.0623894
-0.0694369
-0.0759237
-0.0817869
-0.0869843
-0.0914897
-0.095287
-0.0983664
-0.10072
-0.10234
-0.103215
-0.10333
-0.102667
-0.101203
-0.0989163
-0.0957837
-0.0917892
-0.086927
-0.0812088
-0.0746708
-0.0673808
-0.0594473
-0.0510229
-0.0423155
-0.0335761
-0.0251286
-0.0172918
-0.0105346
-0.00508011
-0.00176605
0
0
-0.00185411
-0.00528297
-0.010857
-0.0176867
-0.0255424
-0.0339601
-0.0426451
-0.0513054
-0.0597259
-0.0677326
-0.0752011
-0.0820434
-0.0882028
-0.0936456
-0.0983547
-0.102323
-0.105548
-0.10803
-0.109764
-0.110741
-0.110947
-0.11036
-0.108952
-0.10669
-0.103543
-0.0994787
-0.0944779
-0.0885368
-0.0816779
-0.0739586
-0.0654822
-0.0564039
-0.0469444
-0.037378
-0.0280669
-0.019374
-0.0118375
-0.00572343
-0.00199399
0
0
-0.00206673
-0.00587468
-0.0120392
-0.0195534
-0.0281497
-0.0373056
-0.0466935
-0.0559941
-0.0649786
-0.0734671
-0.0813368
-0.0885061
-0.0949281
-0.100581
-0.105459
-0.109567
-0.112913
-0.115504
-0.117344
-0.118425
-0.118735
-0.118248
-0.11693
-0.114739
-0.111629
-0.107554
-0.102474
-0.0963668
-0.0892357
-0.081122
-0.0721189
-0.0623794
-0.0521342
-0.0416803
-0.0314219
-0.0217719
-0.0133504
-0.00647645
-0.00226274
0
0
-0.00231118
-0.0065501
-0.0133776
-0.0216483
-0.0310491
-0.0409903
-0.051108
-0.0610549
-0.0705899
-0.07953
-0.0877579
-0.0952026
-0.101831
-0.107637
-0.112629
-0.116829
-0.120255
-0.122927
-0.124854
-0.126036
-0.12646
-0.126098
-0.124911
-0.122845
-0.119839
-0.115829
-0.110752
-0.104562
-0.0972369
-0.0887949
-0.0793114
-0.0689309
-0.0578892
-0.0465039
-0.0352231
-0.0245158
-0.0150981
-0.00735425
-0.00257858
0
0
-0.00259145
-0.00731818
-0.0148852
-0.0239839
-0.0342463
-0.0450064
-0.0558615
-0.0664361
-0.0764798
-0.0858112
-0.0943236
-0.101962
-0.108712
-0.114586
-0.119616
-0.123836
-0.127284
-0.129991
-0.131976
-0.133246
-0.133789
-0.133578
-0.132565
-0.130688
-0.127868
-0.12402
-0.119056
-0.112899
-0.105495
-0.0968301
-0.0869539
-0.0759922
-0.0641784
-0.0518454
-0.0394856
-0.0276293
-0.0171032
-0.00837192
-0.00294811
0
0
-0.00291181
-0.00818781
-0.0165728
-0.0265661
-0.0377341
-0.049325
-0.0608956
-0.0720444
-0.0825168
-0.0921393
-0.100823
-0.108534
-0.115285
-0.121113
-0.12607
-0.130216
-0.133605
-0.136283
-0.138282
-0.139615
-0.140276
-0.140237
-0.139446
-0.137829
-0.135291
-0.131725
-0.127012
-0.121041
-0.113717
-0.104987
-0.0948597
-0.083431
-0.0709199
-0.057666
-0.0442025
-0.0311242
-0.019384
-0.0095438
-0.00337815
0
0
-0.00327695
-0.00916784
-0.0184488
-0.0293923
-0.0414878
-0.0538882
-0.0661109
-0.0777324
-0.0885025
-0.0982645
-0.106956
-0.114574
-0.121162
-0.126788
-0.131532
-0.135478
-0.138701
-0.141265
-0.143214
-0.144573
-0.145341
-0.145491
-0.144968
-0.143688
-0.141543
-0.138399
-0.134108
-0.128516
-0.121485
-0.112906
-0.102736
-0.0910258
-0.077962
-0.0638761
-0.0493343
-0.0349948
-0.0219515
-0.0108826
-0.00387564
0
0
-0.00369235
-0.0102673
-0.0205173
-0.0324482
-0.045459
-0.0586
-0.0713531
-0.0832823
-0.0941534
-0.103839
-0.112314
-0.119617
-0.125829
-0.131055
-0.135407
-0.138995
-0.141918
-0.144258
-0.146075
-0.147405
-0.148256
-0.148602
-0.14839
-0.147528
-0.145894
-0.143333
-0.139663
-0.13469
-0.128218
-0.120078
-0.110158
-0.09844
-0.0850595
-0.0703173
-0.0547961
-0.0392101
-0.0248059
-0.0123986
-0.00444757
0
0
-0.00416489
-0.0114959
-0.0227782
-0.0357033
-0.0495668
-0.0633124
-0.0763964
-0.0883853
-0.0990783
-0.108393
-0.116357
-0.123059
-0.128628
-0.133208
-0.136947
-0.139986
-0.142445
-0.144428
-0.146011
-0.14724
-0.148134
-0.148674
-0.148808
-0.148442
-0.147443
-0.145638
-0.142816
-0.138739
-0.133154
-0.125817
-0.116532
-0.105191
-0.0918469
-0.0767395
-0.0604406
-0.0437035
-0.027932
-0.0140984
-0.00510109
0
0
-0.00470408
-0.0128655
-0.0252252
-0.0391053
-0.0536863
-0.0678084
-0.0809211
-0.0926165
-0.102751
-0.111309
-0.118386
-0.124132
-0.128731
-0.132372
-0.135241
-0.137506
-0.139314
-0.140784
-0.142009
-0.143048
-0.14393
-0.144646
-0.145149
-0.145348
-0.145106
-0.144237
-0.142509
-0.139641
-0.135323
-0.129231
-0.12107
-0.110616
-0.097804
-0.0827712
-0.0660366
-0.0483597
-0.0312932
-0.0159838
-0.00584417
0
0
-0.00532391
-0.0143911
-0.0278436
-0.0425702
-0.0576306
-0.0717768
-0.0844826
-0.0954015
-0.104478
-0.111789
-0.117514
-0.121879
-0.125126
-0.127492
-0.129199
-0.130442
-0.131387
-0.132172
-0.132901
-0.133647
-0.134448
-0.135307
-0.136186
-0.137004
-0.137628
-0.137871
-0.137485
-0.13616
-0.133532
-0.1292
-0.122755
-0.113835
-0.102218
-0.0878844
-0.0712399
-0.0529956
-0.0348231
-0.0180508
-0.00668631
0
0
-0.00604639
-0.0160933
-0.0306038
-0.0459649
-0.0611211
-0.0747728
-0.0864682
-0.0959712
-0.103355
-0.108816
-0.112639
-0.11513
-0.116595
-0.117317
-0.117549
-0.117507
-0.117372
-0.117293
-0.117382
-0.117721
-0.11836
-0.119313
-0.120558
-0.122028
-0.123605
-0.125112
-0.126303
-0.126854
-0.126362
-0.124354
-0.120309
-0.113709
-0.104133
-0.0913443
-0.0755506
-0.0573314
-0.0384115
-0.020288
-0.00764113
0
0
-0.00690485
-0.0179981
-0.0334483
-0.0490767
-0.0637412
-0.0761625
-0.0860362
-0.093304
-0.098214
-0.101113
-0.102403
-0.102479
-0.101705
-0.100402
-0.0988437
-0.0972592
-0.095835
-0.0947203
-0.0940311
-0.0938536
-0.094245
-0.0952329
-0.0968122
-0.098939
-0.101521
-0.104408
-0.107373
-0.110102
-0.112177
-0.113076
-0.112179
-0.108804
-0.102302
-0.0921506
-0.0782574
-0.0609483
-0.0418807
-0.0226695
-0.00872703
0
0
-0.00795122
-0.020132
-0.0362552
-0.0515462
-0.0648463
-0.0750215
-0.0820168
-0.086036
-0.0875507
-0.0870843
-0.0851631
-0.0822631
-0.0787963
-0.0751065
-0.0714739
-0.0681232
-0.0652323
-0.0629413
-0.0613592
-0.0605697
-0.0606338
-0.0615907
-0.0634553
-0.0662124
-0.069807
-0.0741297
-0.078999
-0.0841383
-0.0891516
-0.0935028
-0.0965054
-0.0973351
-0.0950998
-0.0889382
-0.0783352
-0.0632046
-0.0449356
-0.0251456
-0.00997345
0
0
-0.00925282
-0.0224988
-0.0387755
-0.0527689
-0.0634414
-0.0700082
-0.0727944
-0.0723622
-0.0694478
-0.0647642
-0.0589524
-0.0525507
-0.0459939
-0.0396235
-0.0337027
-0.0284315
-0.0239618
-0.0204098
-0.0178659
-0.0164026
-0.0160788
-0.0169423
-0.0190285
-0.0223554
-0.026914
-0.0326538
-0.0394611
-0.0471315
-0.055334
-0.0635736
-0.0711541
-0.0771599
-0.0804798
-0.0798902
-0.0743364
-0.0631312
-0.0470859
-0.0276034
-0.0114091
0
0
-0.0108899
-0.0250089
-0.0404424
-0.0516322
-0.0578904
-0.0590872
-0.0560693
-0.0498483
-0.0414385
-0.0317281
-0.0214373
-0.0111264
-0.00121306
0.00799906
0.016295
0.0235246
0.0295826
0.0343932
0.0378973
0.0400435
0.0407819
0.0400607
0.0378259
0.0340247
0.0286134
0.0215709
0.012921
0.0027623
-0.00868845
-0.0210441
-0.0336814
-0.0456867
-0.0558087
-0.0625046
-0.0641064
-0.0591481
-0.0474302
-0.0297877
-0.0130601
0
0
-0.0128728
-0.0273212
-0.0401405
-0.0462512
-0.0456598
-0.0393141
-0.0286997
-0.015331
-0.000460321
0.0149101
0.0300526
0.0444507
0.0577613
0.0697653
0.0803326
0.089391
0.0969037
0.102851
0.107218
0.109983
0.111113
0.110558
0.108248
0.104099
0.0980102
0.0898837
0.0796372
0.0672347
0.052732
0.0363361
0.0184955
-1.29135e-05
-0.0179455
-0.033584
-0.0446715
-0.0488698
-0.0444269
-0.031104
-0.0148341
0
0
-0.0149514
-0.0283044
-0.0352597
-0.0329238
-0.0223525
-0.00604367
0.0138927
0.0354944
0.0574087
0.078647
0.0985897
0.116857
0.133249
0.147684
0.160154
0.170689
0.17934
0.186155
0.191171
0.194405
0.195846
0.195449
0.193138
0.188798
0.182281
0.17341
0.161995
0.147849
0.130836
0.110919
0.088267
0.063359
0.0372121
0.0114388
-0.0113296
-0.0280444
-0.0348928
-0.030059
-0.0163343
0
0
-0.0159944
-0.0253504
-0.021225
-0.00589812
0.0183009
0.0469131
0.0774553
0.107745
0.136591
0.163225
0.187293
0.208662
0.227353
0.243467
0.257148
0.268548
0.277812
0.28506
0.290386
0.293844
0.295447
0.295164
0.292913
0.288561
0.28192
0.272749
0.260758
0.245616
0.226982
0.204541
0.1781
0.14768
0.113815
0.0776152
0.0416464
0.00912296
-0.0138125
-0.0235548
-0.0161322
0
0
-0.0119008
-0.0105571
0.0133088
0.0470236
0.0879204
0.129806
0.170603
0.208432
0.242664
0.273007
0.29953
0.322438
0.342017
0.358573
0.372402
0.383771
0.392909
0.400002
0.405185
0.408546
0.410121
0.409889
0.407773
0.403633
0.397261
0.388377
0.376621
0.361554
0.342664
0.319378
0.291128
0.257391
0.218003
0.173122
0.124545
0.0744488
0.030632
-0.00296896
-0.0096396
0
0
0.00762494
0.0298894
0.0837424
0.140261
0.198875
0.252656
0.301108
0.34338
0.379844
0.410929
0.437242
0.459367
0.477854
0.493188
0.505787
0.516
0.52411
0.530336
0.534839
0.537724
0.539036
0.538768
0.536849
0.533147
0.527455
0.519485
0.508855
0.495074
0.477529
0.455461
0.427992
0.394081
0.35278
0.302993
0.245073
0.178726
0.111915
0.0452889
0.0140517
0
0
0.0805738
0.144353
0.235535
0.31066
0.378503
0.434859
0.482214
0.521361
0.553738
0.580414
0.602372
0.620405
0.635176
0.64722
0.656969
0.664769
0.670888
0.67553
0.678843
0.680922
0.681812
0.68151
0.679962
0.677059
0.67263
0.666431
0.65813
0.647286
0.633327
0.615501
0.592864
0.564164
0.52798
0.482221
0.425562
0.354119
0.27248
0.169096
0.0942943
0
0
0.282513
0.378883
0.493753
0.569825
0.630707
0.676127
0.711383
0.738683
0.760119
0.777043
0.790493
0.801218
0.809784
0.816616
0.822036
0.82629
0.829562
0.831985
0.833656
0.834633
0.834943
0.834582
0.833513
0.831666
0.828928
0.825139
0.820078
0.81344
0.804816
0.793639
0.779146
0.760228
0.735446
0.702388
0.658696
0.597849
0.520862
0.39944
0.298912
0
1
1
1
1
1
1
1
1
1
1
1
1
1
1
1
1
1
1
1
1
1
1
1
1
1
1
1
1
1
1
1
1
1
1
1
1
1
1
1
1
1
0
0
0
0
0
0
0
0
0
0
0
0
0
0
0
0
0
0
0
0
0
0
0
0
0
0
0
0
0
0
0
0
0
0
0
0
0
0
0
0
0
0
3.15266e-06
0.000114358
0.000243484
0.000365333
0.000463937
0.0005371
0.000584954
0.000610106
0.000615385
0.000603779
0.000578001
0.000540482
0.000493313
0.000438268
0.000376838
0.000310273
0.000239636
0.000165852
8.97576e-05
1.21494e-05
-6.61721e-05
-0.00014436
-0.000221474
-0.00029645
-0.00036806
-0.000434879
-0.000495258
-0.000547304
-0.000588862
-0.000617527
-0.000630648
-0.000625422
-0.000598927
-0.000548567
-0.000472129
-0.00037
-0.000244994
-0.000113688
-1.87354e-06
0
0
9.81776e-05
0.000408005
0.000746445
0.00106281
0.00132153
0.00151579
0.00164463
0.00171325
0.00172812
0.00169649
0.00162531
0.00152098
0.00138915
0.00123473
0.00106192
0.000874284
0.000674901
0.000466474
0.000251462
3.22144e-05
-0.000188917
-0.000409449
-0.000626658
-0.000837479
-0.0010384
-0.00122541
-0.00139386
-0.00153852
-0.00165349
-0.0017323
-0.00176798
-0.00175336
-0.00168138
-0.00154617
-0.00134354
-0.0010758
-0.000751313
-0.000407153
-9.54314e-05
0
0
0.000373565
0.00100057
0.00165179
0.00225247
0.00274736
0.00312168
0.00337204
0.00350582
0.00353388
0.00346912
0.00332448
0.00311222
0.00284343
0.00252793
0.00217424
0.00178972
0.00138077
0.000953076
0.000511831
6.20007e-05
-0.000391443
-0.000843279
-0.00128782
-0.00171869
-0.00212868
-0.00250955
-0.00285194
-0.0031453
-0.00337797
-0.00353728
-0.0036099
-0.00358253
-0.00344259
-0.00318038
-0.00279043
-0.00227862
-0.00166262
-0.00100046
-0.0003694
0
0
0.00080548
0.00184875
0.00288275
0.00381837
0.00458739
0.00516888
0.00555775
0.00576364
0.00580209
0.00569212
0.00545333
0.00510473
0.0046638
0.0041462
0.00356572
0.00293439
0.00226276
0.00156026
0.00083554
9.68916e-05
-0.00064739
-0.00138863
-0.00211741
-0.00282323
-0.00349429
-0.00411716
-0.00467669
-0.00515596
-0.0055364
-0.00579811
-0.00592047
-0.00588324
-0.00566795
-0.00526083
-0.00465516
-0.0038599
-0.00290039
-0.00184923
-0.000799369
0
0
0.00139299
0.0029555
0.00444475
0.00576615
0.00684518
0.00765757
0.00819811
0.00847952
0.00852265
0.0083533
0.00799847
0.00748471
0.00683673
0.00607692
0.00522515
0.00429889
0.0033136
0.00228311
0.00122018
0.000137057
-0.000954035
-0.00204031
-0.00310794
-0.00414159
-0.005124
-0.00603572
-0.00685485
-0.00755709
-0.00811595
-0.00850332
-0.00869034
-0.00864908
-0.00835449
-0.0077882
-0.00694156
-0.00582521
-0.00446969
-0.00295584
-0.00138386
0
0
0.00211342
0.0042906
0.00630188
0.00805378
0.0094716
0.0105314
0.0112304
0.0115858
0.0116249
0.0113811
0.0108894
0.0101847
0.00929951
0.00826362
0.00710358
0.00584286
0.00450231
0.00310067
0.00165523
0.000182599
-0.00130063
-0.00277713
-0.00422819
-0.0056331
-0.0069686
-0.00820851
-0.0093235
-0.0102811
-0.0110462
-0.0115815
-0.0118492
-0.0118128
-0.0114399
-0.0107065
-0.00960072
-0.00813253
-0.00633434
-0.0042896
-0.00209973
0
0
0.00295449
0.00583816
0.0084379
0.0106658
0.0124514
0.0137745
0.0146374
0.0150638
0.0150887
0.0147542
0.0141044
0.0131832
0.0120317
0.0106876
0.00918475
0.00755301
0.00581903
0.0040068
0.00213848
0.000235306
-0.00168147
-0.00358968
-0.00546539
-0.00728209
-0.00901004
-0.0106158
-0.0120619
-0.0133071
-0.0143065
-0.0150131
-0.0153789
-0.0153581
-0.0149096
-0.0140024
-0.0126194
-0.0107679
-0.00847904
-0.00583502
-0.00293466
0
0
0.00390383
0.00758138
0.0108348
0.0135843
0.0157667
0.0173687
0.0184001
0.0188932
0.0188927
0.0184505
0.0176213
0.0164584
0.0150127
0.0133302
0.0114524
0.00941615
0.00725417
0.00499586
0.0026684
0.000297823
-0.00208984
-0.00446743
-0.00680556
-0.00907167
-0.0112292
-0.0132368
-0.0150485
-0.0166132
-0.0178758
-0.0187781
-0.0192612
-0.0192682
-0.0187481
-0.017661
-0.015983
-0.013716
-0.0108876
-0.00757639
-0.00387674
0
0
0.00495544
0.00951235
0.0134851
0.0168034
0.0194132
0.0213105
0.0225152
0.0230706
0.0230326
0.0224651
0.021434
0.0200041
0.0182359
0.0161851
0.0139013
0.0114285
0.00880553
0.00606755
0.00324674
0.000373929
-0.00252008
-0.00540309
-0.00824022
-0.0109927
-0.0136166
-0.0160628
-0.0182755
-0.0201934
-0.0217498
-0.0228744
-0.0234957
-0.0235442
-0.0229572
-0.0216841
-0.0196918
-0.0169751
-0.0135558
-0.00950791
-0.00492096
0
0
0.00610713
0.011629
0.0163881
0.0203242
0.0233936
0.0256037
0.0269868
0.0275994
0.027511
0.0267992
0.0255431
0.0238195
0.0217004
0.0192513
0.0165306
0.0135896
0.0104739
0.00722389
0.00387693
0.000468421
-0.00296617
-0.00638977
-0.009762
-0.0130377
-0.0161659
-0.0190883
-0.0217395
-0.0240465
-0.0259302
-0.0273065
-0.0280895
-0.0281954
-0.0275473
-0.026082
-0.023755
-0.020552
-0.0164873
-0.0116306
-0.00606668
0
0
0.00736142
0.0139366
0.019552
0.0241577
0.0277206
0.030262
0.0318285
0.0324925
0.0323396
0.0314629
0.0299565
0.0279112
0.0254113
0.0225331
0.019344
0.0159035
0.0122633
0.00846957
0.00456425
0.0005872
-0.00342182
-0.0074211
-0.011365
-0.0152021
-0.0188737
-0.0223127
-0.0254427
-0.0281786
-0.0304268
-0.032088
-0.0330598
-0.0332417
-0.0325403
-0.030877
-0.0281936
-0.0244648
-0.0196966
-0.0139542
-0.00731867
0
0
0.00872484
0.0164472
0.0229931
0.028323
0.0324155
0.035307
0.0370616
0.0377699
0.037536
0.0364715
0.0346875
0.0322902
0.0293777
0.0260379
0.0223483
0.0183762
0.0141799
0.00981086
0.00531539
0.00073728
-0.00387987
-0.00849017
-0.013043
-0.017481
-0.0217377
-0.0257366
-0.02939
-0.0325987
-0.0352538
-0.0372382
-0.0384308
-0.0387114
-0.0379672
-0.0361013
-0.0330392
-0.0287426
-0.0232078
-0.0164961
-0.0086864
0
0
0.0102078
0.0191791
0.0267357
0.0328484
0.037508
0.0407689
0.0427147
0.0434576
0.0431236
0.041845
0.0397526
0.03697
0.0336106
0.0297752
0.0255515
0.0210151
0.016231
0.0112552
0.00613816
0.000926847
-0.00433199
-0.00958894
-0.0147891
-0.0198691
-0.0247553
-0.0293612
-0.0335869
-0.0373183
-0.0404287
-0.0427813
-0.0442329
-0.0446406
-0.0438684
-0.0417977
-0.0383346
-0.0334255
-0.0270552
-0.0192824
-0.0101842
0
0
0.0118246
0.0221573
0.0308117
0.0377699
0.0430359
0.0466845
0.0488224
0.049587
0.0491293
0.047606
0.0451702
0.0419654
0.0381219
0.0337544
0.0289617
0.0238278
0.0184238
0.0128104
0.00704109
0.0011652
-0.00476832
-0.0107075
-0.0165937
-0.0223588
-0.0279215
-0.0331855
-0.0380378
-0.0423481
-0.04597
-0.0487437
-0.0505009
-0.0510715
-0.0502924
-0.0480187
-0.0441334
-0.0385645
-0.0312837
-0.0223471
-0.0118312
0
0
0.0135929
0.0254125
0.0352608
0.0431318
0.0490444
0.0530974
0.0554244
0.0561924
0.0555819
0.0537776
0.0509584
0.0472901
0.0429217
0.0379832
0.0325851
0.02682
0.0207647
0.0144838
0.00803293
0.00146262
-0.00517719
-0.0118332
-0.0184444
-0.0249384
-0.0312271
-0.0372044
-0.0427435
-0.0476963
-0.0518945
-0.0551523
-0.0572716
-0.0580509
-0.0572943
-0.0548257
-0.0504995
-0.0442219
-0.0359485
-0.0257328
-0.0136517
0
0
0.0155344
0.0289819
0.0401296
0.048985
0.0555847
0.0600556
0.0625634
0.0633099
0.0625102
0.0603817
0.0571325
0.0529541
0.0480163
0.0424654
0.0364244
0.0299943
0.0232575
0.0162812
0.00912196
0.00183016
-0.00554495
-0.0129503
-0.0203242
-0.0275909
-0.0346569
-0.0414062
-0.047698
-0.0533651
-0.0582145
-0.0620308
-0.0645816
-0.0656279
-0.0649347
-0.0622878
-0.0575069
-0.0504708
-0.0411157
-0.0294912
-0.0156751
0
0
0.0176744
0.0329086
0.0454718
0.0553875
0.0627134
0.0676107
0.0702832
0.0709743
0.0699397
0.067435
0.063702
0.058961
0.0534049
0.047198
0.0404759
0.0333482
0.0259018
0.0182054
0.0103151
0.0022791
-0.00585593
-0.0140393
-0.0222104
-0.0302924
-0.0381873
-0.0457701
-0.052886
-0.0593472
-0.0649337
-0.0693963
-0.0724631
-0.0738504
-0.0732761
-0.0704797
-0.0652379
-0.057395
-0.0468621
-0.0336835
-0.0179369
0
0
0.0200421
0.0372417
0.0513475
0.0624024
0.0704906
0.0758148
0.0786257
0.0792159
0.0778894
0.0749461
0.0706669
0.0653042
0.0590769
0.0521682
0.0447272
0.0368712
0.0286907
0.0202547
0.0116165
0.00282019
-0.00609277
-0.0150766
-0.0240742
-0.0330101
-0.0417837
-0.0502627
-0.0582781
-0.0656212
-0.0720424
-0.0772543
-0.0809392
-0.0827606
-0.0823799
-0.0794793
-0.0737818
-0.0650879
-0.0532758
-0.0383805
-0.0204786
0
0
0.0226708
0.0420363
0.0578225
0.0700967
0.0789772
0.0847182
0.087627
0.0880562
0.0863667
0.0829105
0.0780129
0.0719628
0.0650072
0.0573499
0.0491533
0.0405419
0.0316087
0.0224206
0.0130262
0.00346247
-0.00623697
-0.0160344
-0.0258794
-0.035701
-0.0453986
-0.0548346
-0.0638276
-0.072147
-0.0795117
-0.0855921
-0.0900174
-0.0923891
-0.0923002
-0.0893625
-0.0832314
-0.0736506
-0.0604546
-0.0436632
-0.0233486
0
0
0.0255981
0.0473531
0.0649673
0.0785395
0.0882322
0.094364
0.0973124
0.0975022
0.0953621
0.0913046
0.0857058
0.0788956
0.0711516
0.0626989
0.0537131
0.0443252
0.0346283
0.0246854
0.0145375
0.00421168
-0.00626997
-0.0168813
-0.0275825
-0.0383106
-0.0489689
-0.0594178
-0.069465
-0.0788594
-0.0872868
-0.0943712
-0.0996814
-0.102746
-0.103077
-0.100198
-0.0936784
-0.0831891
-0.0685056
-0.0496224
-0.0266024
0
0
0.0288656
0.0532579
0.072855
0.087798
0.0983074
0.104783
0.10769
0.107539
0.104841
0.100079
0.0936853
0.0860358
0.0774411
0.0681482
0.0583451
0.0481675
0.0377068
0.0270193
0.0161352
0.00506819
-0.0061748
-0.0175833
-0.0291326
-0.0407723
-0.0524145
-0.0639213
-0.0750938
-0.085662
-0.0952786
-0.103518
-0.109881
-0.113813
-0.114725
-0.112035
-0.105206
-0.0938094
-0.0775418
-0.0563581
-0.0303024
0
0
0.0325193
0.0598204
0.0815596
0.0979339
0.109242
0.115986
0.11874
0.118122
0.114737
0.109149
0.101856
0.0932835
0.083776
0.0736025
0.0629623
0.0519935
0.040783
0.0293772
0.0177922
0.0060245
-0.00593809
-0.0181054
-0.0304726
-0.0430076
-0.0556365
-0.0682295
-0.0805858
-0.0924205
-0.103355
-0.112912
-0.120519
-0.125523
-0.127221
-0.124898
-0.117879
-0.10561
-0.0876785
-0.0639773
-0.0345186
0
0
0.0366092
0.0671132
0.0911513
0.108997
0.121051
0.127952
0.130406
0.129162
0.124936
0.118385
0.11008
0.100498
0.090019
0.0789331
0.0674481
0.0557017
0.0437731
0.0316953
0.0194666
0.00706248
-0.00555275
-0.0184138
-0.0315413
-0.044927
-0.0585183
-0.0722001
-0.0857773
-0.0989566
-0.111332
-0.122375
-0.131436
-0.137754
-0.140487
-0.138761
-0.131731
-0.118672
-0.0990262
-0.0725917
-0.039327
0
0
0.0411898
0.0752101
0.101693
0.121015
0.133721
0.140617
0.142581
0.140515
0.135268
0.127601
0.118165
0.107489
0.0959891
0.0839722
0.071652
0.0591617
0.0465689
0.0338892
0.0210996
0.00815069
-0.00502084
-0.0184792
-0.0322758
-0.0464329
-0.0609264
-0.0756648
-0.0904679
-0.105043
-0.118965
-0.13166
-0.142398
-0.150299
-0.154367
-0.153535
-0.146741
-0.133043
-0.111682
-0.082313
-0.0448095
0
0
0.0463195
0.0841825
0.11323
0.133985
0.147184
0.153855
0.155085
0.151963
0.145491
0.136545
0.125857
0.114012
0.101456
0.0885095
0.0753867
0.0622114
0.0490349
0.0358516
0.0226132
0.00924201
-0.00435649
-0.0182802
-0.0326161
-0.0474235
-0.0627147
-0.0784317
-0.0944203
-0.110402
-0.125944
-0.140436
-0.153072
-0.162853
-0.168605
-0.169036
-0.162816
-0.148719
-0.125714
-0.0932457
-0.0510518
0
0
0.0520626
0.0940979
0.125786
0.147856
0.161309
0.167456
0.16765
0.163198
0.155274
0.14488
0.132829
0.119758
0.106136
0.0922906
0.0784284
0.0646582
0.0510101
0.037453
0.0239102
0.0102726
-0.00358815
-0.0178067
-0.0325097
-0.0477991
-0.0637312
-0.080292
-0.0973668
-0.114706
-0.131888
-0.148283
-0.163022
-0.174986
-0.182814
-0.184954
-0.179752
-0.165616
-0.141148
-0.105481
-0.058143
0
0
0.0584868
0.10501
0.139341
0.162503
0.175863
0.181099
0.179887
0.173793
0.164181
0.152178
0.138677
0.124354
0.109694
0.095018
0.0805188
0.0662819
0.0523105
0.0385443
0.0248754
0.0111619
-0.00275999
-0.0170632
-0.0319166
-0.0474686
-0.0638264
-0.0810296
-0.0990174
-0.117588
-0.136354
-0.154689
-0.171686
-0.18612
-0.196443
-0.200815
-0.197198
-0.183533
-0.157932
-0.119075
-0.0661682
0
0
0.065676
0.116964
0.153825
0.177708
0.190491
0.19432
0.191269
0.183194
0.171659
0.157914
0.142917
0.127367
0.111747
0.0963618
0.0813761
0.0668448
0.0527387
0.0389649
0.0253828
0.0118171
-0.00193059
-0.0160709
-0.0308151
-0.0463595
-0.0628665
-0.0804379
-0.0990802
-0.11866
-0.138849
-0.159062
-0.178386
-0.195526
-0.208759
-0.215947
-0.214612
-0.202115
-0.17592
-0.13405
-0.0752195
0
0
0.0737064
0.129947
0.169051
0.193085
0.204638
0.206452
0.201074
0.190676
0.177019
0.161456
0.144985
0.128306
0.111877
0.0959681
0.0807046
0.066102
0.0520934
0.0385508
0.025301
0.0121373
-0.00117074
-0.0148681
-0.0292052
-0.0444246
-0.0607446
-0.078334
-0.0972778
-0.11753
-0.138853
-0.16074
-0.182327
-0.202295
-0.218797
-0.229406
-0.23117
-0.220752
-0.194775
-0.150319
-0.0853571
0
0
0.0827167
0.143945
0.184743
0.208083
0.217552
0.21663
0.208406
0.195374
0.179467
0.162103
0.144281
0.126667
0.109668
0.0934994
0.0782323
0.0638347
0.0501982
0.0371594
0.0245142
0.0120286
-0.000554032
-0.0135069
-0.0271126
-0.0416544
-0.0574022
-0.0745915
-0.0933921
-0.113861
-0.13588
-0.159066
-0.182663
-0.205409
-0.225411
-0.240011
-0.245787
-0.238594
-0.214002
-0.167749
-0.0966877
0
0
0.0927408
0.158688
0.200254
0.221724
0.228057
0.22361
0.212062
0.196193
0.17805
0.159054
0.140151
0.121928
0.104711
0.0886372
0.0737137
0.0598536
0.0469054
0.0346723
0.0229244
0.0114071
-0.000154086
-0.0120506
-0.0245871
-0.0380762
-0.0528301
-0.0691439
-0.0872701
-0.107377
-0.129486
-0.15338
-0.178483
-0.203685
-0.227166
-0.246155
-0.256837
-0.254208
-0.232577
-0.18582
-0.109138
0
0
0.104109
0.174035
0.214888
0.23287
0.234803
0.226021
0.21078
0.192047
0.171884
0.15162
0.132079
0.113719
0.09675
0.0812159
0.067047
0.0540996
0.0421812
0.031067
0.0205091
0.0102421
-1.52888e-05
-0.0105599
-0.0217043
-0.0337759
-0.0471131
-0.0620561
-0.0789288
-0.0980057
-0.119458
-0.143269
-0.169102
-0.196114
-0.222712
-0.246204
-0.262566
-0.265991
-0.249387
-0.204113
-0.122941
0
0
0.116333
0.18855
0.226536
0.239071
0.235362
0.221681
0.202732
0.181486
0.159868
0.139
0.119505
0.101665
0.0855517
0.0710997
0.0581624
0.0465434
0.0360172
0.0263408
0.01726
0.00851109
-0.000180125
-0.00910076
-0.0185543
-0.0288638
-0.040373
-0.0534441
-0.0684491
-0.0857485
-0.105652
-0.128349
-0.153788
-0.181485
-0.210252
-0.237733
-0.260019
-0.270755
-0.261537
-0.220544
-0.13725
0
0
0.130624
0.202153
0.234076
0.238705
0.228115
0.209251
0.186963
0.163938
0.141756
0.121203
0.102623
0.0860839
0.0715012
0.0587031
0.047473
0.0375737
0.0287598
0.0207849
0.0134025
0.00636518
-0.00057923
-0.00769223
-0.0152507
-0.0235527
-0.0329237
-0.0437201
-0.05633
-0.0711656
-0.0886429
-0.109134
-0.132882
-0.159825
-0.189339
-0.219699
-0.247578
-0.266593
-0.267474
-0.23467
-0.153145
0
0
0.142489
0.207848
0.230181
0.225257
0.207856
0.184878
0.160779
0.137617
0.11643
0.0975749
0.0810868
0.0668236
0.0545637
0.0440533
0.0350326
0.0272479
0.0204571
0.0144295
0.00894436
0.00378638
-0.00125889
-0.00641148
-0.0119039
-0.0179888
-0.0249472
-0.0330972
-0.0428014
-0.0544714
-0.0685667
-0.0855754
-0.105969
-0.130079
-0.157902
-0.188572
-0.219836
-0.246128
-0.25843
-0.237882
-0.164992
0
0
0.158685
0.209656
0.217189
0.200728
0.176809
0.151154
0.127048
0.105528
0.0868992
0.0710312
0.0576511
0.0464345
0.0370609
0.0292325
0.0226802
0.0171635
0.0124668
0.00839499
0.00476839
0.00141738
-0.00182346
-0.00512159
-0.00865334
-0.0126115
-0.0172145
-0.0227163
-0.0294186
-0.0376841
-0.0479495
-0.0607349
-0.0766414
-0.0963017
-0.120283
-0.148698
-0.180786
-0.212815
-0.23768
-0.234718
-0.179887
0
0
0.146659
0.173601
0.167802
0.145786
0.121925
0.0995059
0.0801219
0.0638545
0.0504456
0.0394917
0.030594
0.0233954
0.01759
0.0129202
0.00916971
0.00615497
0.00371888
0.00172446
4.95608e-05
-0.001418
-0.00278518
-0.0041583
-0.0056481
-0.00737564
-0.00947916
-0.0121228
-0.0155073
-0.0198849
-0.0255767
-0.0329958
-0.0426704
-0.0552567
-0.0715298
-0.0922138
-0.117776
-0.146837
-0.175861
-0.187552
-0.161458
0
0
0.157086
0.145699
0.12151
0.0942362
0.071986
0.0544167
0.040884
0.0305007
0.0225217
0.0163775
0.0116374
0.00798331
0.00517569
0.0030328
0.00141319
0.000204553
-0.000684661
-0.00133088
-0.00179985
-0.00215014
-0.00243613
-0.00271078
-0.00302862
-0.00344935
-0.00404176
-0.00488957
-0.00609916
-0.00781095
-0.0102158
-0.0135809
-0.0182831
-0.0248642
-0.0340841
-0.0469907
-0.0649288
-0.0890195
-0.120206
-0.14926
-0.164932
0
0
-0.043444
-0.0314483
-0.0249576
-0.0196938
-0.0177202
-0.0166513
-0.0162171
-0.0159237
-0.0156581
-0.0153237
-0.0148897
-0.0143372
-0.0136614
-0.0128626
-0.0119459
-0.0109183
-0.00978791
-0.00856307
-0.00725133
-0.00585896
-0.00439041
-0.00284782
-0.00123089
0.000463384
0.00224103
0.00411113
0.00608578
0.00817907
0.010407
0.0127824
0.0153197
0.0180109
0.0208856
0.023879
0.0273229
0.0310207
0.0375065
0.0440842
0.0559569
0
0
0
0
0
0
0
0
0
0
0
0
0
0
0
0
0
0
0
0
0
0
0
0
0
0
0
0
0
0
0
0
0
0
0
0
0
0
0
0
0
0
-0.0284666
-0.0284666
-0.0292778
-0.030045
-0.0308991
-0.0315381
-0.031935
-0.031991
-0.0316854
-0.0309957
-0.0299252
-0.0284841
-0.026693
-0.0245776
-0.0221688
-0.0195003
-0.0166091
-0.0135338
-0.0103151
-0.00699486
-0.0036166
-0.000224717
0.00313553
0.00641819
0.00957717
0.0125667
0.0153416
0.0178587
0.0200776
0.0219615
0.0234798
0.0246088
0.0253369
0.0256614
0.0256075
0.0252004
0.0245441
0.023672
0.0228902
0.0220732
0.0220732
-0.0284666
-0.0284666
-0.0292778
-0.030045
-0.0308991
-0.0315381
-0.031935
-0.031991
-0.0316854
-0.0309957
-0.0299252
-0.0284841
-0.026693
-0.0245776
-0.0221688
-0.0195003
-0.0166091
-0.0135338
-0.0103151
-0.00699486
-0.0036166
-0.000224717
0.00313553
0.00641819
0.00957717
0.0125667
0.0153416
0.0178587
0.0200776
0.0219615
0.0234798
0.0246088
0.0253369
0.0256614
0.0256075
0.0252004
0.0245441
0.023672
0.0228902
0.0220732
0.0220732
-0.0276587
-0.0276587
-0.0284773
-0.0290257
-0.0296575
-0.0300656
-0.0302775
-0.0301977
-0.029814
-0.0291005
-0.0280568
-0.026687
-0.0250058
-0.0230328
-0.0207936
-0.0183171
-0.0156357
-0.0127844
-0.00980026
-0.00672222
-0.0035906
-0.000446849
0.00266689
0.00570798
0.00863399
0.0114032
0.0139751
0.0163116
0.0183779
0.0201434
0.0215842
0.0226827
0.0234334
0.0238374
0.0239227
0.0237052
0.0232848
0.0226396
0.0220799
0.0212577
0.0212577
-0.0268786
-0.0268786
-0.0279413
-0.028502
-0.0291519
-0.0295314
-0.0297159
-0.0296083
-0.0292076
-0.028489
-0.0274542
-0.0261066
-0.0244602
-0.0225332
-0.0203495
-0.0179366
-0.0153252
-0.012549
-0.00964347
-0.00664635
-0.00359672
-0.000534768
0.00249846
0.00546164
0.00831363
0.011014
0.0135237
0.015806
0.0178276
0.0195594
0.0209786
0.0220685
0.022824
0.023244
0.0233556
0.0231636
0.0227697
0.0221044
0.0215307
0.0204641
0.0204641
-0.025986
-0.025986
-0.0273182
-0.0278983
-0.0285754
-0.0289262
-0.0290819
-0.0289432
-0.0285231
-0.0277981
-0.0267726
-0.02545
-0.023843
-0.0219685
-0.0198487
-0.017509
-0.0149785
-0.0122887
-0.00947384
-0.00656993
-0.00361456
-0.000646404
0.00229486
0.00516929
0.00793727
0.0105599
0.0129997
0.0152217
0.0171941
0.0188894
0.0202862
0.0213682
0.0221307
0.0225697
0.0227107
0.022545
0.0221768
0.0214815
0.0208859
0.0195496
0.0195496
-0.0252637
-0.0252637
-0.0268998
-0.0275525
-0.0283179
-0.0286956
-0.0288688
-0.0287318
-0.0283112
-0.0275855
-0.0265632
-0.0252481
-0.0236543
-0.0217981
-0.0197013
-0.0173885
-0.0148879
-0.0122304
-0.00944887
-0.00657873
-0.00365668
-0.000720812
0.00219003
0.00503645
0.00777935
0.0103804
0.0128025
0.0150109
0.0169741
0.0186644
0.02006
0.0211435
0.0219089
0.0223482
0.0224853
0.0222982
0.0218979
0.0211091
0.0204364
0.0187952
0.0187952
-0.0247333
-0.0247333
-0.0266625
-0.0273983
-0.0282654
-0.0286843
-0.0288868
-0.0287595
-0.0283421
-0.0276147
-0.0265899
-0.025273
-0.023679
-0.0218248
-0.0197318
-0.0174243
-0.0149301
-0.0122794
-0.00950462
-0.00664046
-0.00372328
-0.000790557
0.00211912
0.00496648
0.00771267
0.0103193
0.0127494
0.0149676
0.0169422
0.0186447
0.0200522
0.0211455
0.0219171
0.0223545
0.0224801
0.0222593
0.0218118
0.0209149
0.0201536
0.0182175
0.0182175
-0.0244907
-0.0244907
-0.0267039
-0.027535
-0.0285188
-0.0289957
-0.0292416
-0.0291336
-0.0287233
-0.027992
-0.0269564
-0.0256237
-0.0240103
-0.022134
-0.0200167
-0.0176831
-0.0151607
-0.0124799
-0.00967285
-0.00677419
-0.00382015
-0.000848482
0.00210217
0.00499234
0.00778251
0.0104338
0.0129082
0.0151695
0.0171846
0.0189234
0.0203612
0.0214763
0.022259
0.0226922
0.0227972
0.0225284
0.0220159
0.0209943
0.0201307
0.0179072
0.0179072
-0.0245656
-0.0245656
-0.0270508
-0.0279807
-0.0290859
-0.0296269
-0.0299209
-0.0298342
-0.0294291
-0.0286879
-0.0276315
-0.0262686
-0.0246177
-0.0226976
-0.0205313
-0.0181438
-0.0155633
-0.0128202
-0.00994715
-0.00697895
-0.00395217
-0.000904915
0.00212358
0.00509302
0.00796298
0.0106934
0.0132448
0.0155794
0.0176621
0.0194606
0.0209478
0.022099
0.0229017
0.0233346
0.0234184
0.0230968
0.0225124
0.0213599
0.020389
0.0178878
0.0178878
-0.0249974
-0.0249974
-0.0277498
-0.0287821
-0.0300125
-0.030622
-0.0309666
-0.0309005
-0.0304965
-0.0297371
-0.0286473
-0.0272376
-0.0255286
-0.0235408
-0.0212981
-0.0188266
-0.0161554
-0.0133154
-0.0103399
-0.00726427
-0.0041258
-0.000963403
0.00218259
0.00527092
0.00825968
0.011107
0.0137714
0.0162129
0.0183937
0.0202785
0.0218375
0.0230421
0.0238772
0.0243167
0.0243812
0.0240045
0.0233429
0.0220535
0.02097
0.0181919
0.0181919
-0.02581
-0.02581
-0.0288319
-0.0299693
-0.0313281
-0.0320075
-0.0324019
-0.0323526
-0.0319424
-0.0311537
-0.0300157
-0.0285407
-0.026752
-0.0246713
-0.0223245
-0.0197387
-0.0169441
-0.0139725
-0.0108583
-0.0076378
-0.00434895
-0.00103193
0.00227148
0.00551852
0.00866549
0.0116683
0.0144829
0.0170664
0.0193779
0.0213784
0.0230343
0.0243131
0.0251965
0.0256534
0.0257043
0.0252736
0.0245326
0.0231007
0.0218994
0.018837
0.018837
-0.02703
-0.02703
-0.0303324
-0.0315793
-0.0330708
-0.0338207
-0.0342628
-0.0342242
-0.0337982
-0.0329668
-0.0317635
-0.0302027
-0.0283102
-0.0261099
-0.0236293
-0.0208973
-0.0179452
-0.0148061
-0.0115155
-0.00811083
-0.00463132
-0.00111867
0.00238384
0.00583176
0.00917885
0.0123784
0.0153833
0.0181473
0.0206254
0.0227743
0.0245564
0.0259341
0.0268854
0.0273738
0.02742
0.026938
0.0261162
0.0245343
0.0232081
0.0198431
0.0198431
-0.0286837
-0.0286837
-0.0322864
-0.0336483
-0.0352785
-0.0360988
-0.036585
-0.0365493
-0.0360954
-0.0352053
-0.0339172
-0.0322478
-0.0302258
-0.0278773
-0.0252319
-0.0223202
-0.0191752
-0.0158315
-0.0123257
-0.00869662
-0.00498517
-0.0012343
0.0025108
0.00620345
0.00979474
0.0132348
0.0164733
0.0194597
0.0221443
0.024479
0.0264206
0.0279263
0.0289696
0.0295074
0.0295607
0.0290323
0.0281289
0.0263873
0.0249271
0.0212305
0.0212305
-0.030802
-0.030802
-0.0347336
-0.0362182
-0.0379951
-0.0388855
-0.0394113
-0.0393684
-0.0388724
-0.0379052
-0.0365103
-0.0347069
-0.0325272
-0.0299996
-0.0271563
-0.0240299
-0.0206552
-0.0170681
-0.0133068
-0.0094117
-0.00542505
-0.00139173
0.00264129
0.00662489
0.0105075
0.0142357
0.0177548
0.0210097
0.0239457
0.0265083
0.0286484
0.0303166
0.0314807
0.0320905
0.0321661
0.0315979
0.030613
0.0286994
0.0270935
0.023025
0.023025
-0.0334223
-0.0334223
-0.0377197
-0.0393362
-0.0412699
-0.0422295
-0.0427892
-0.0427268
-0.0421719
-0.0411064
-0.0395798
-0.0376144
-0.0352463
-0.0325065
-0.0294302
-0.0260522
-0.0224089
-0.0185383
-0.0144801
-0.0102757
-0.0059692
-0.00160717
0.00276159
0.00708514
0.011309
0.0153761
0.0192274
0.0228023
0.0260399
0.0288788
0.0312628
0.0331343
0.0344544
0.0351639
0.0352816
0.0346831
0.0336178
0.0315175
0.0297517
0.0252595
0.0252595
-0.0365901
-0.0365901
-0.041299
-0.0430583
-0.0451602
-0.0461871
-0.0467733
-0.0466768
-0.046043
-0.0448547
-0.0431681
-0.0410096
-0.0384192
-0.0354316
-0.032085
-0.0284164
-0.0244644
-0.0202685
-0.0158699
-0.0113115
-0.00663886
-0.00190002
0.0028542
0.00756958
0.0121884
0.0166495
0.0208894
0.0248413
0.0284372
0.0316079
0.0342888
0.0364121
0.0379311
0.038775
0.0389606
0.0383448
0.0372024
0.0348988
0.0329568
0.0279771
0.0279771
-0.0403618
-0.0403618
-0.0455359
-0.04745
-0.0497325
-0.0508237
-0.0514265
-0.0512776
-0.0505413
-0.0492014
-0.0473229
-0.0449362
-0.0420866
-0.0388128
-0.0351558
-0.0311555
-0.0268524
-0.0222877
-0.0175041
-0.0125457
-0.00745905
-0.00229351
0.00289815
0.00805978
0.0131305
0.0180454
0.0227355
0.0271276
0.0311462
0.034713
0.0377527
0.040186
0.041956
0.0429779
0.0432647
0.0426503
0.0414375
0.038913
0.0367771
0.0312337
0.0312337
-0.0448069
-0.0448069
-0.0505083
-0.0525894
-0.0550653
-0.0562147
-0.0568207
-0.0565966
-0.0557291
-0.0542041
-0.0520968
-0.0494425
-0.0462929
-0.0426908
-0.0386806
-0.034305
-0.0296067
-0.0246285
-0.0194138
-0.0140079
-0.00845822
-0.00281465
0.00286853
0.00853309
0.0141161
0.0195487
0.0247564
0.0296593
0.0341735
0.0382098
0.0416811
0.0444945
0.0465798
0.0478347
0.0482663
0.0476798
0.0464088
0.0436462
0.041298
0.035102
0.035102
-0.050011
-0.050011
-0.0563095
-0.0585696
-0.0612505
-0.0624479
-0.0630383
-0.0627099
-0.0616761
-0.0599264
-0.0575474
-0.0545811
-0.0510859
-0.0471093
-0.0426998
-0.0379028
-0.0327632
-0.027325
-0.0216323
-0.0157308
-0.00966796
-0.00349423
0.00273571
0.00896259
0.0151212
0.0211394
0.0269381
0.0324297
0.0375213
0.0421118
0.0461007
0.0493779
0.0518574
0.0534149
0.0540482
0.0535274
0.0522191
0.0492041
0.0466261
0.0396759
0.0396759
-0.0560794
-0.0560794
-0.0630523
-0.0655014
-0.0683958
-0.0696249
-0.0701736
-0.0697036
-0.0684603
-0.0664376
-0.0637366
-0.060407
-0.0565148
-0.0521133
-0.0472548
-0.0419875
-0.0363585
-0.0304125
-0.0241939
-0.0177482
-0.0111222
-0.00436555
0.00246716
0.00931661
0.0161166
0.0227924
0.0292603
0.035426
0.0411868
0.046429
0.0510359
0.0548776
0.0578484
0.0597967
0.060707
0.0603053
0.0589927
0.0557167
0.0528945
0.0450762
0.0450762
-0.0631419
-0.0631419
-0.0708728
-0.0735172
-0.0766282
-0.0778632
-0.0783338
-0.0776736
-0.0761662
-0.0738122
-0.0707299
-0.0669775
-0.0626302
-0.0577472
-0.0523854
-0.0465959
-0.0404272
-0.0339244
-0.0271318
-0.0200936
-0.0128546
-0.0054633
0.00202751
0.00956023
0.0170684
0.0244763
0.0316968
0.0386294
0.0451616
0.051166
0.0565082
0.0610349
0.0646164
0.0670671
0.0683529
0.0681445
0.0668786
0.0633435
0.0602691
0.0514579
0.0514579
-0.0713578
-0.0713578
-0.079936
-0.0827752
-0.0860968
-0.0872987
-0.0876402
-0.086726
-0.0848856
-0.0821284
-0.0785931
-0.0743484
-0.0694795
-0.0640519
-0.0581277
-0.0517603
-0.0449993
-0.0378899
-0.0304751
-0.0227968
-0.0148971
-0.00682136
0.00138147
0.00965667
0.0179397
0.0261556
0.0342157
0.0420145
0.0494302
0.0563216
0.0625348
0.0678899
0.0722278
0.0753217
0.0771115
0.0771994
0.0760558
0.0722803
0.0689567
0.0590195
0.0590195
-0.0809233
-0.0809233
-0.0904409
-0.0934643
-0.0969762
-0.0980872
-0.0982281
-0.0969761
-0.0947147
-0.0914653
-0.0873903
-0.0825709
-0.0771034
-0.0710603
-0.0645083
-0.0575032
-0.0500955
-0.0423288
-0.0342442
-0.0258804
-0.0172753
-0.00846845
0.000496553
0.00957001
0.0186923
0.0277913
0.0367794
0.0455485
0.0539693
0.0618867
0.0691265
0.0754789
0.0807507
0.0846643
0.0871248
0.0876494
0.0867385
0.0827666
0.0792144
0.068014
0.068014
-0.0920813
-0.0920813
-0.102631
-0.105812
-0.109472
-0.110408
-0.110249
-0.108548
-0.105752
-0.1019
-0.0971795
-0.0916869
-0.0855313
-0.0787916
-0.0715395
-0.0638327
-0.0557209
-0.0472465
-0.0384467
-0.029355
-0.0200029
-0.0104234
-0.000651992
0.00927015
0.0192908
0.0293446
0.0393486
0.0491944
0.0587488
0.0678445
0.0762874
0.0838351
0.0902542
0.0952076
0.098554
0.0997056
0.0991836
0.0950971
0.0913631
0.0787651
0.0787651
-0.10513
-0.10513
-0.116799
-0.120087
-0.123823
-0.124462
-0.123867
-0.121569
-0.118093
-0.113497
-0.108002
-0.101719
-0.0947709
-0.0872428
-0.0792107
-0.0707335
-0.0618591
-0.0526265
-0.043068
-0.0332101
-0.0230763
-0.0126899
-0.00207544
0.00873708
0.0197075
0.0307811
0.0418832
0.0529116
0.0637329
0.0741705
0.0840126
0.0929829
0.100804
0.107069
0.111575
0.113608
0.113694
0.109629
0.105799
0.0916819
0.0916819
-0.120446
-0.120446
-0.133313
-0.136623
-0.140312
-0.140481
-0.139259
-0.136169
-0.131823
-0.126308
-0.119879
-0.112665
-0.104802
-0.0963809
-0.0874807
-0.0781593
-0.0684624
-0.0584232
-0.0480665
-0.0374105
-0.0264676
-0.015249
-0.00376525
0.00796893
0.0199292
0.0320769
0.0443518
0.0566637
0.0688852
0.0808375
0.0922938
0.102946
0.112468
0.120376
0.126391
0.129642
0.130638
0.126807
0.123025
0.107294
0.107294
-0.138491
-0.138491
-0.152611
-0.155802
-0.159255
-0.158707
-0.156596
-0.152455
-0.146996
-0.140342
-0.132786
-0.124474
-0.115555
-0.106124
-0.0962612
-0.0860202
-0.0754412
-0.0645503
-0.0533625
-0.0418848
-0.030116
-0.0180518
-0.00568581
0.00698669
0.0199619
0.0332232
0.0467323
0.0604178
0.0741674
0.0878081
0.101106
0.113728
0.125298
0.135248
0.143203
0.148115
0.150432
0.147157
0.143647
0.126258
0.126258
-0.159891
-0.159891
-0.175279
-0.178131
-0.181051
-0.179434
-0.176072
-0.170534
-0.163645
-0.155576
-0.146656
-0.137051
-0.126914
-0.116344
-0.105417
-0.0941796
-0.0826626
-0.0708814
-0.0588383
-0.0465253
-0.0339256
-0.0210159
-0.00776919
0.00584212
0.0198411
0.0342387
0.0490263
0.0641619
0.0795577
0.0950599
0.11044
0.125347
0.139364
0.151835
0.162272
0.169422
0.173619
0.171376
0.16848
0.149472
0.149472
-0.18537
-0.18537
-0.20196
-0.204132
-0.206067
-0.20289
-0.197784
-0.190402
-0.181688
-0.17187
-0.161309
-0.150186
-0.138658
-0.126816
-0.114726
-0.102423
-0.0899228
-0.0772255
-0.0643172
-0.0511722
-0.037754
-0.0240179
-0.00991244
0.00461755
0.0196259
0.0351584
0.0512442
0.0678812
0.0850198
0.102541
0.120237
0.137759
0.154658
0.170202
0.183772
0.193893
0.200708
0.200187
0.198415
0.177977
0.177977
-0.216133
-0.216133
-0.233719
-0.234677
-0.234922
-0.229475
-0.221933
-0.212107
-0.201055
-0.189071
-0.176539
-0.163646
-0.150535
-0.137284
-0.123937
-0.110508
-0.0969924
-0.0833686
-0.0696015
-0.0556436
-0.0414357
-0.026908
-0.0119819
0.00342935
0.0194154
0.0360633
0.0534482
0.0716196
0.0905831
0.110272
0.130523
0.151018
0.171296
0.190573
0.208087
0.222145
0.232582
0.234801
0.23491
0.213457
0.213457
-0.253277
-0.253277
-0.271323
-0.270261
-0.26777
-0.259107
-0.248241
-0.235245
-0.22126
-0.206657
-0.191811
-0.176902
-0.162041
-0.147274
-0.13261
-0.118032
-0.103506
-0.0889814
-0.074397
-0.0596793
-0.0447432
-0.0294918
-0.0138156
0.00240561
0.0193011
0.0370043
0.0556448
0.075335
0.09615
0.1181
0.141093
0.164877
0.189011
0.212712
0.235068
0.254222
0.269544
0.275931
0.27902
0.257448
0.257448
-0.299839
-0.299839
-0.317269
-0.312876
-0.305944
-0.292629
-0.277127
-0.259949
-0.242237
-0.224437
-0.206868
-0.189668
-0.172883
-0.156504
-0.140482
-0.124755
-0.109245
-0.0938648
-0.0785212
-0.0631102
-0.0475174
-0.031616
-0.0152646
0.00169358
0.0194302
0.03813
0.0579841
0.0791803
0.101882
0.126203
0.152157
0.179613
0.208199
0.237214
0.265612
0.29148
0.313502
0.326259
0.334004
0.313898
0.313898
-0.356635
-0.356635
-0.371034
-0.36148
-0.347791
-0.328187
-0.306644
-0.284326
-0.262202
-0.240778
-0.220234
-0.200628
-0.181897
-0.163948
-0.146655
-0.129893
-0.11353
-0.0974372
-0.0814819
-0.0655279
-0.0494301
-0.0330314
-0.0161587
0.00138056
0.0198004
0.0393376
0.0602485
0.082803
0.107265
0.133876
0.16279
0.194049
0.227416
0.262387
0.297823
0.332001
0.36265
0.384626
0.399298
0.383931
0.383931
-0.434426
-0.434426
-0.441183
-0.423055
-0.39829
-0.369375
-0.339262
-0.310094
-0.282364
-0.256568
-0.232603
-0.210358
-0.189592
-0.170072
-0.151564
-0.133851
-0.116735
-0.100031
-0.0835638
-0.0671598
-0.0506422
-0.0338236
-0.0164992
0.0015586
0.0206069
0.0409367
0.0628745
0.0867836
0.113049
0.142072
0.174199
0.209736
0.24868
0.290914
0.3353
0.380697
0.423488
0.459789
0.485385
0.480431
0.480431
-0.525599
-0.525599
-0.515143
-0.485106
-0.44514
-0.405252
-0.365457
-0.329163
-0.295891
-0.266043
-0.239088
-0.214696
-0.192397
-0.171804
-0.152556
-0.134347
-0.116908
-0.100001
-0.0834114
-0.0669331
-0.0503627
-0.0334889
-0.0160828
0.00211135
0.0213841
0.0420713
0.0645592
0.0892951
0.116779
0.147573
0.18223
0.221362
0.265262
0.314388
0.367709
0.425305
0.481886
0.537149
0.577483
0.594371
0.594371
-0.681009
-0.681009
-0.634248
-0.581799
-0.514538
-0.456132
-0.400989
-0.354035
-0.312972
-0.27775
-0.24706
-0.220127
-0.196105
-0.174356
-0.154332
-0.135599
-0.117797
-0.100624
-0.0838195
-0.0671448
-0.0503694
-0.0332597
-0.0155644
0.00299929
0.0227559
0.0440883
0.0674504
0.0933897
0.12255
0.155706
0.193706
0.237613
0.288243
0.347013
0.413375
0.489636
0.56846
0.65626
0.722941
0.78288
0.78288
-0.816091
-0.816091
-0.703022
-0.629773
-0.536195
-0.465227
-0.400412
-0.348212
-0.303941
-0.26715
-0.235844
-0.208941
-0.185344
-0.164269
-0.145067
-0.127238
-0.110382
-0.0941733
-0.0783353
-0.0626219
-0.0468001
-0.0306372
-0.0138813
0.0037502
0.0225831
0.0430094
0.0655023
0.0906458
0.119146
0.15189
0.189898
0.234549
0.28704
0.349686
0.422404
0.510503
0.604522
0.723626
0.814653
0.950549
0.950549
-1.22643
-1.22643
-0.959991
-0.819392
-0.656756
-0.545979
-0.45287
-0.383312
-0.327909
-0.284262
-0.248706
-0.219183
-0.193943
-0.17179
-0.151815
-0.133359
-0.115917
-0.0991023
-0.0826023
-0.0661496
-0.0494981
-0.0324039
-0.0146054
0.00419636
0.0243517
0.046292
0.0705552
0.0978257
0.128973
0.16515
0.207784
0.258935
0.32079
0.397487
0.490869
0.611635
0.750114
0.946031
1.10995
1.41314
1.41314
-1.20417
-1.20417
-0.7912
-0.66592
-0.509507
-0.418923
-0.342915
-0.288556
-0.245664
-0.212351
-0.185405
-0.16318
-0.144265
-0.12772
-0.112833
-0.0990928
-0.0861087
-0.0735842
-0.0612803
-0.0489943
-0.0365394
-0.0237296
-0.0103669
0.00377631
0.0189699
0.035545
0.0539203
0.0746354
0.0983792
0.12608
0.158905
0.198604
0.247045
0.308152
0.383577
0.485797
0.604064
0.798392
0.950349
1.41028
1.41028
-2.77297
-2.77297
-1.59728
-1.21062
-0.860627
-0.663657
-0.522029
-0.427635
-0.359531
-0.309694
-0.271358
-0.240694
-0.215006
-0.192559
-0.172164
-0.153012
-0.13454
-0.116343
-0.0981154
-0.0796141
-0.0606206
-0.040919
-0.0202717
0.00160299
0.0250505
0.050511
0.0785605
0.109961
0.145729
0.187282
0.236542
0.296432
0.370792
0.466778
0.591594
0.768206
0.999221
1.39415
1.80562
3.03512
3.03512
0
0
0
0
0
0
0
0
0
0
0
0
0
0
0
0
0
0
0
0
0
0
0
0
0
0
0
0
0
0
0
0
0
0
0
0
0
0
0
0
0
